;2;3;4;5;6;8;9;;
2;0;142.614;132.053;164.936;166.516;113.22;145.273;;864.612
3;142.614;0;138.418;227.231;205.477;205.248;124.476;;1043.464
4;132.053;138.418;0;179.953;168.512;174.598;166.787;;960.321
5;164.936;227.231;179.953;0;219.335;153.916;197.77;;1143.141
6;166.516;205.477;168.512;219.335;0;172.774;183.832;;1116.446
8;113.22;205.248;174.598;153.916;172.774;0;202.117;;1021.873
9;145.273;124.476;166.787;197.77;183.832;202.117;0;;1020.255
;;;;;;;;;
;;;;;;;;;278.529
