;0;1;5;6;7;10;12;;
0;0;177.909;219.147;181.059;214.318;226.615;193.163;;1212.211
1;177.909;0;200.557;165.009;184.275;161.564;206.365;;1095.679
5;219.147;200.557;0;219.335;199.925;178.192;182.93;;1200.086
6;181.059;165.009;219.335;0;176.906;179.821;173.904;;1096.034
7;214.318;184.275;199.925;176.906;0;163.366;181.335;;1120.125
10;226.615;161.564;178.192;179.821;163.366;0;205.502;;1115.06
12;193.163;206.365;182.93;173.904;181.335;205.502;0;;1143.199
;;;;;;;;;
;;;;;;;;;116.532
