;0;1;2;3;4;5;6;
0;0;177.909;171.668;179.811;163.9;219.147;181.059;
1;177.909;0;168.482;208.189;180.79;200.557;165.009;
2;171.668;168.482;0;142.614;132.053;164.936;166.516;
3;179.811;208.189;142.614;0;138.418;227.231;205.477;
4;163.9;180.79;132.053;138.418;0;179.953;168.512;
5;219.147;200.557;164.936;227.231;179.953;0;219.335;
6;181.059;165.009;166.516;205.477;168.512;219.335;0;
