;24;22;3;7;1;8;1;
24;0;200.954;177.087;177.221;167.338;184.04;167.338;
22;200.954;0;190.595;166.754;227.318;176.834;227.318;
3;177.087;190.595;0;205.903;208.189;205.248;208.189;
7;177.221;166.754;205.903;0;184.275;220.112;184.275;
1;167.338;227.318;208.189;184.275;0;192.879;0;
8;184.04;176.834;205.248;220.112;192.879;0;192.879;
1;167.338;227.318;208.189;184.275;0;192.879;0;
