;10;0;12;3;5;6;7;
10;0;226.615;205.502;202.463;178.192;179.821;163.366;
0;226.615;0;193.163;179.811;219.147;181.059;214.318;
12;205.502;193.163;0;204.536;182.93;173.904;181.335;
3;202.463;179.811;204.536;0;227.231;205.477;205.903;
5;178.192;219.147;182.93;227.231;0;219.335;199.925;
6;179.821;181.059;173.904;205.477;219.335;0;176.906;
7;163.366;214.318;181.335;205.903;199.925;176.906;0;
