;1;2;3;5;6;7;14;;
1;0;168.482;208.189;200.557;165.009;184.275;194.77;;1121.282
2;168.482;0;142.614;164.936;166.516;186.12;166.452;;995.12
3;208.189;142.614;0;227.231;205.477;205.903;188.071;;1177.485
5;200.557;164.936;227.231;0;219.335;199.925;192.421;;1204.405
6;165.009;166.516;205.477;219.335;0;176.906;151.497;;1084.74
7;184.275;186.12;205.903;199.925;176.906;0;154.461;;1107.59
14;194.77;166.452;188.071;192.421;151.497;154.461;0;;1047.672
;;;;;;;;;
;;;;;;;;;209.285
