;3;5;10;0;12;1;2;
3;0;227.231;202.463;179.811;204.536;208.189;142.614;
5;227.231;0;178.192;219.147;182.93;200.557;164.936;
10;202.463;178.192;0;226.615;205.502;161.564;186.485;
0;179.811;219.147;226.615;0;193.163;177.909;171.668;
12;204.536;182.93;205.502;193.163;0;206.365;147.605;
1;208.189;200.557;161.564;177.909;206.365;0;168.482;
2;142.614;164.936;186.485;171.668;147.605;168.482;0;
