;3;4;5;6;7;8;9;
3;0;138.418;227.231;205.477;205.903;205.248;124.476;
4;138.418;0;179.953;168.512;182.656;174.598;166.787;
5;227.231;179.953;0;219.335;199.925;153.916;197.77;
6;205.477;168.512;219.335;0;176.906;172.774;183.832;
7;205.903;182.656;199.925;176.906;0;220.112;171.588;
8;205.248;174.598;153.916;172.774;220.112;0;202.117;
9;124.476;166.787;197.77;183.832;171.588;202.117;0;
